39
condo
2224.00
786.00
6
1
condo
2632.00
757.00
3
2
house
1106.00
631.00
6
1
duplex
1701.00
1226.00
3
1
duplex
1872.00
1174.00
3
2
house
1592.00
1435.00
2
1
condo
1376.00
1031.00
4
3
duplex
2988.00
589.00
5
5
house
1889.00
1360.00
4
3
condo
1953.00
1424.00
4
3
condo
1429.00
833.00
5
4
apartment
1427.00
1156.00
2
1
condo
2969.00
1142.00
4
2
apartment
2329.00
1116.00
3
2
house
1125.00
1014.00
5
5
duplex
2653.00
992.00
6
3
house
1446.00
1271.00
4
3
duplex
2396.00
726.00
1
1
apartment
1766.00
548.00
6
1
duplex
2833.00
1146.00
4
1
duplex
2691.00
1388.00
6
4
house
1045.00
1016.00
2
1
duplex
1642.00
1025.00
4
4
duplex
2867.00
1364.00
3
3
house
1453.00
1006.00
6
1
condo
1823.00
1191.00
3
3
condo
2029.00
1115.00
2
1
condo
1210.00
1118.00
4
1
duplex
2214.00
762.00
4
3
condo
1264.00
1253.00
6
2
condo
1922.00
937.00
1
1
condo
2987.00
774.00
3
3
house
2416.00
1498.00
3
1
condo
1463.00
1308.00
5
4
house
2280.00
519.00
2
2
duplex
1404.00
1388.00
4
2
house
1652.00
993.00
6
2
condo
1281.00
716.00
5
2
condo
1228.00
652.00
6
3
