47
duplex
2841.00
503.00
6
1
duplex
1134.00
548.00
5
3
house
2974.00
1185.00
4
2
condo
1239.00
848.00
3
1
apartment
2614.00
586.00
6
5
condo
2518.00
937.00
6
4
apartment
2761.00
1157.00
3
2
condo
1116.00
893.00
2
2
condo
1891.00
1328.00
5
1
condo
2199.00
728.00
5
3
duplex
2459.00
1381.00
6
2
house
1947.00
1132.00
3
1
duplex
2907.00
1320.00
3
1
house
1288.00
576.00
6
3
duplex
2086.00
514.00
5
3
condo
2591.00
1135.00
3
2
house
1704.00
774.00
5
2
duplex
1625.00
958.00
6
4
duplex
1464.00
1325.00
6
4
duplex
2667.00
1124.00
2
1
duplex
2830.00
1075.00
5
3
duplex
1541.00
1258.00
6
2
apartment
2453.00
717.00
4
2
condo
2691.00
581.00
4
3
house
1973.00
1233.00
4
2
house
2044.00
918.00
4
2
house
2922.00
535.00
4
3
house
2099.00
1097.00
5
5
apartment
1236.00
1202.00
6
5
condo
2272.00
630.00
2
1
house
1818.00
747.00
4
3
duplex
1355.00
1016.00
4
1
duplex
1285.00
890.00
3
2
duplex
1979.00
684.00
5
3
condo
1395.00
1309.00
6
5
apartment
1155.00
918.00
4
2
duplex
1801.00
1396.00
5
1
apartment
1097.00
1072.00
6
1
house
1388.00
1011.00
4
3
condo
2192.00
1172.00
4
1
apartment
1678.00
1336.00
5
4
house
1338.00
1271.00
6
1
house
1094.00
606.00
3
2
apartment
1282.00
1157.00
3
2
duplex
1758.00
701.00
2
1
condo
2164.00
1328.00
6
5
apartment
1634.00
1335.00
1
1
